3 0.00001 ;
3   .725000;
7 0 0 0 0 0 0  "L4T.BCT.0113";
23 2;
3   .322500;
23 1;
5   .1050   7.51510 10 0 0 0 0    "L4T.MQD.0110";
23 4;
3   .947500;
7 0 0 0 0 0 0  "L4T.MCHV.0115";
23 4;
3  1.000000;
7 0 0 0 0 0 0  "L4T.MCHV.0135";
23 4;
3   .947500;
23 1;
5   .1050  -7.82351 10 0 0 0 0    "L4T.MQF.0210";
23 1;
3   .167500;
7 0 0 0 0 0 0  "L4Z.BSGH.0223";
23 0;
3   .000000;
7 0 0 0 0 0 0  "L4Z.BSGV.0227";
23 2;
3   .480000;
7 0 0 0 0 0 0  "L4T.BPM.0227";
23 3;
3   .750000;
7 0 0 0 0 0 0  "L4T.BPLFS.0233";
23 3;
3   .750000;
7 0 0 0 0 0 0  "L4T.BPM.0237";
23 2;
3   .330000;
7 0 0 0 0 0 0  "L4Z.BSGH.0224";
23 0;
3   .000000;
7 0 0 0 0 0 0  "L4Z.BSGV.0226";
23 2;
3   .401348;
15 0 0 0 0 5 2.14 "aperture 100x42.8";
17 1;
23 3;
4   .876041  -8.87562    .00000 0 2.500 1   11.667 0  1   11.667 0 2.800  .450  "L4T.MBH.0250";
17 0;
23 4;
3   .905824;
23 1;
15 4.570 0 0 0 0 0 "aperture dia 91.4";
5   .3000   2.72079 10 0 0 0 0    "L4T.MQD.0310";
23 2;
3   .400000;
7 0 0 0 0 0 0  "L4T.MCHV.0315";
23 2;
3   .400000;
23 1;
5   .3000  -4.76669 10 0 0 0 0    "L4T.MQF.0410";
23 4;
3   .905824;
17 1;
23 3;
15 0 0 0 0 5 2.44 "aperture 100x48.8";
4   .876041  -8.87562    .00000 0 2.500 1   11.667 0  1   11.667 0 2.800  .450  "L4T.MBH.0450";
17 0;
23 4;
3   .905824;
23 1;
15 4.57 0 0 0 0 0 "aperture dia 91.4";
5   .3000  -4.00000 10 0 0 0 0    "L4T.MQF.0510";
23 2;
3   .400000;
7 0 0 0 0 0 0  "L4Z.BSGH.0523";
23 0;
3   .000000;
7 0 0 0 0 0 0  "L4Z.BSGV.0527";
23 2;
3   .400000;
23 1;
5   .3000   2.33333 10 0 0 0 0    "L4T.MQD.0610";
23 4;
3   .905824;
17 1;
23 3;
15 0 0 0 0 5 2.44 "aperture 100x48.8";
4   .876041  -8.87562    .00000 0 2.500 1   11.667 0  1   11.667 0 2.800  .450  "L4T.MBH.0650";
17 0;
23 4;
3   .945824;
15 4.57 0 0 0 0 0 "aperture dia 91.4";
7 0 0 0 0 0 0  "L4T.BCT.0613";
23 2;
3   .460000;
23 1;
5   .3000  -1.92969 10 0 0 0 0    "L4T.MQF.0710";
23 2;
3   .550000;
7 0 0 0 0 0 0  "L4T.MCHV.0715";
23 4;
3  1.000000;
7 0 0 0 0 0 0  "L4T.MCHV.0735";
23 6;
3  1.800000;
7 0 0 0 0 0 0  "L4T.BeamStopper";
23 6;
3  1.650000;
23 1;
5   .3000    .92647 10 0 0 0 0    "L4T.MQD.0810";
23 9;
3  2.550000;
7 0 0 0 0 0 0  "L4T.BPM.0827";
23 5;
3  1.500000;
7 0 0 0 0 0 0  "L4T.BPM.0837";
23 4;
3   .950000;
23 1;
5   .3000   -.85037 10 0 0 0 0    "L4T.MQF.0910";
23 2;
3   .550000;
7 0 0 0 0 0 0  "L4T.MCHV.0915";
23 4;
3  1.000000;
7 0 0 0 0 0 0  "L4T.MCHV.0935";
23 12;
3  3.450000;
23 1;
5   .3000    .35200 10 0 0 0 0    "L4T.MQD.1010";
23 10;
3  2.850000;
7 0 0 0 0 0 0  "L4T.BPM.1027";
23 5;
3  1.500000;
7 0 0 0 0 0 0  "L4T.BPM.1037";
23 8;
3  2.230000;
15 3.35 0 0 0 0 0 "aperture dia 67";
23 1;
3 0.10;
7 0 0 0 0 0 0  "L4T.BCT.1013";
23 1;
3  0.32000;
15 3.0 0 0 0 0 0 "aperture dia 60";
23 3;
37 'before_bun.dat';
3  0.850000;
21 1 ;
22   .50  90. 1 0 "L4T.ACDB.1075";
23 3;
3  0.850000;
37 'after_bun.dat';
15 4.57 0 0 0 0 0 "aperture dia 91.4";
23 4;
3  1.150000;
7 0 0 0 0 0 0  "L4T.MCHV.1015";
23 4;
3  1.000000;
7 0 0 0 0 0 0  "L4T.MCHV.1035";
23 2;
3   .550000;
23 1;
5   .3000   2.33221 10 0 0 0 0    "L4T.MQD.1110";
23 4;
3   .950000;
23 1;
5   .3000  -2.34466 10 0 0 0 0    "L4T.MQF.1210";
23 2;
3   .500000;
7 0 0 0 0 0 0  "L4T.BPM.1227";
23 4;
3  1.160000;
7 0 0 0 0 0 0  "L4T.BCT.1213";
23 2;
3   .340000;
7 0 0 0 0 0 0  "L4T.BPM.1237";
23 3;
3   .605000;
7 0 0 0 0 0 0  "L4T.BSGH.1223";
23 0;
3   .000000;
7 0 0 0 0 0 0  "L4T.BSGV.1227";
23 3;
3   .806507;
20  -90.000;
15 0 0 0 0 5 2.44 "aperture 100x48.8";
17 1;
23 3;
4   .872317  -5.52894    .00000 0 2.500 1    7.237 0  1    7.237 0  .000  .450  "L4T.MBV.1250";
17 0;
20   90.000;
15 4.57 0 0 0 0 0 "aperture dia 91.4";
23 7;
3  1.911507;
23 1;
5   .3000   5.25000 10 0 0 0 0    "L4T.MQD.1310";
23 4;
3  1.100000;
7 0 0 0 0 0 0  "L4T.MCHV.1315";
23 4;
3  1.100000;
23 1;
5   .3000  -3.38333 10 0 0 0 0    "L4T.MQF.1410";
23 4;
3  1.100000;
7 0 0 0 0 0 0  "L4T.MCHV.1415";
23 4;
3  1.100000;
23 1;
5   .3000   5.25000 10 0 0 0 0    "L4T.MQD.1510";
23 7;
3  1.911507;
20  -90.000;
15 0 0 0 0 5 2.44 "aperture 100x48.8";
17 1;
23 3;
4   .872317   5.52894    .00000 0 2.500 1   -7.237 0  1   -7.237 0  .000  .450  "L4T.MBV.1550";
17 0;
20   90.000;
23 3;
15 4.57 0 0 0 0 0 "aperture dia 91.4";
3   .711507;
7 0 0 0 0 0 0  "L4T.BCT.1513";
23 2;
3   .400000;
7 0 0 0 0 0 0  "L4T.BPM.1527";
23 2;
3   .500000;
23 1;
5   .3000   4.47953 10 0 0 0 0    "L4T.MQD.1610";
23 1;
3   .200000;
7 0 0 0 0 0 0  "L4T.BPM.1627";
23 1;
3   .275000;
7 0 0 0 0 0 0  "L4T.MCHV.1615";
23 2;
3   .475000;
23 1;
5   .3000  -2.91959 10 0 0 0 0    "L4T.MQF.1710";
23 21;
3  6.276900;
17 1;
23 4;
15 0 0 0 0 7.5 5   "aperture BHZ20";
4  1.052738   7.62589    .00000 0 5.200 1  -12.046 0  1  -12.046 0  .000  .450  "LT.BHZ20";
15 4.5 0 0 0 0 0  "aperture dia 90";
23 40;
3 5.96 "Drift 5001";
23 2;
5 0.255 -11.909 100 0 0 0 0 "QFN50";
23 20;
3 2.12125 "Drift 5002-a";
7 0 0 0 0 0 0 "steererD40";
23 10;
3 1.16 "Drift 5002-b";
3 0 "screen1";
23 6;
3 0.65875 "Drift 5002-c";
23 2;
5 0.255 13.859 100 0 0 0 0 "QDN55";
23 40;
3 4.614 "Drift 5003";
23 2;
5 0.255 -18.2279  100 0 0 0 0 "QFN60";
23 15;
3 1.67 "Drift 5004";
23 2;
5 0.255 11.5105 100 0 0 0 0 "QDN65";
15 7 0 0 0 0 0 "aperture dia 140";
23 40;
3 4.768 "Drift 5005";
23 3;
5 0.467 4.01532  100 0 0 0 0 "QFW70";
23 29;
3 3.025 "Drift 5006";
15 4.5 0 0 0 0 0  "aperture dia 90";
23 2;
5 0.255 -14.6635 100 0 0 0 0 "QDN75";
23 7;
3 0.8425 "Drift 5007-a";
7 0 0 0 0 0 0 "steererD50";
23 13;
3 1.4 "Drift 5007-b";
3 0 "screen2";
23 8;
3 0.9885 "Drift 5007-c";
20 180 "180";
15 0 0 0 0 7.5 5 "aperture BHZ30";
23 1;
17 1;
4 1.00600778 -7.30 0 0 5 1 11 0 1 11 0 2.8 0.45 "BHZ30";
37 'afterBHZ30.dat';
20 180 "180";
15 4.5 0 0 0 0 0  "aperture dia 90";
23 6;
3 0.689611 "Drift 6001-a";
7 0 0 0 0 0 0 "steererDL10";
23 3;
3 0.310389 "Drift 6001-b";
23 25;
3 2.686 "Drift 6002";
23 2;
5 0.255 10.816 100 0 0 0 0 "QFN10";
23 6;
3 0.738 "Drift 6003";
23 2;
5 0.255 -4.09107 100 0 0 0 0 "QDN20";
23 2;
3 1 "Drift 6004";
15 7 0 0 0 0 0   "aperture dia 140";
23 1;
3 0.0125 "Drift 6005-a";
3 0 "screen1";
23 6;
3 0.71 "Drift 6005-b";
7 0 0 0 0 0 0 "steererDL20";
23 40;
3 6.493 "Drift 6005-c";
3 0 "screen2";
23 4;
3 0.51 "Drift 6005-d";
7 0 0 0 0 0 0 "steererDL30";
23 5;
3 0.6695 "Drift 6005-e";
23 4;
5 0.461 -14.0927 100 0 0 0 0 "QFW30";
23 4;
3 0.539 "Drift 6006";
23 4;
5 0.461 16.5575 100 0 0 0 0 "QDW40"; 
23 40;
3 9.09 "Drift 6007";
23 4;
5 0.461 -13.3639 100 0 0 0 0 "QFW50";
23 7;
3 0.839 "Drift 6008";
23 4;
5 0.461 10.6024  100 0 0 0 0 "QDW60"; 
23 4;
3 0.4195 "Drift 6009-a";
7 0 0 0 0 0 0 "steererDL40";
23 4;
3 0.4965 "Drift 6009-b";
3 0 "screen1";
23 6;
3 0.659 "Drift 6010";
15 0 0 0 0 7.5 5 "aperture BHZ40";
23 8;
3 0.9 "BHZ40";
15 7 0 0 0 0 0   "aperture dia 140";
23 40;
3 6.22 "Drift 7001-a";
3 0 "screen2";
23 3;
3 0.285 "Drift 7001-b";
7 0 0 0 0 0 0 "steererDVT20";
23 40;
3 6 "Drift 7001-c";
23 4;
5 0.462 -10.4465 100 0 0 0 0 "BI.QN10"; 
23 4;
3 0.538 "Drift 7002";
23 4;
5 0.462 10.1876 100 0 0 0 0 "BI.QN20"; 
23 40;
3 5.515 "Drift 7003-a";
3 0 "screen1";
23 18;
3 1.925 "Drift 7003-b";
7 0 0 0 0 0 0 "steererDVT30";
23 4;
3 0.075 "Drift 7003-c"; 
20 90.0000000000003 "Clockwise";
23 1;
17 1;
4 0.15 0 0 0 7.5 1 0 0 1 0.1226072 0 2.8 0.45 "DVT30";
17 0;
7 0 1.700 0 0 0 0 "Beam Shift 1";
23 1;
17 1;
4 0.15 0 0 0 7.5 1 0 0 1 0.1226072 0 2.8 0.45 "DVT30";
17 0;
20 -90.0000000000003 "C-Clockwise";
23 2;
3 1.039 "Drift D 001";
23 1;
5 0.462 -9.662677 100 0 0 0 0 "BI.QN30";
23 1;
3 0.194 "Drift D 002-a";
3 0 "screen2";
23 1;
3 0.075 "Drift D 002-b"; 
20 90.0000000000003 "Clockwise";
23 1;
17 1;
4 0.15 0 0 0 7.5 1 0.1476111 0 1 -0.0429661 0 2.8 0.45 "DVT30-b";
17 0;
7 0 -0.795 0 0 0 0 "Beam Shift 2";
23 1;
17 1;
4 0.15 0 0 0 7.5 1 0.1476111 0 1 -0.0429661 0 2.8 0.45 "DVT30-b";
17 0;
20 -90.0000000000003 "C-Clockwise";
23 1;
3 0.075 "Drift D 003-a"; 
7 0 0 0 0 0 0 "steererDVT30-b";
23 1;
3 0.194 "Drift D 003-b";
23 1;
5 0.462 9.72508 100 0 0 0 0 "BI-QN40";
23 1;
3 0.3 "Drift D 004";
20 90.0000000000003 "Clockwise";
15 0 0 0 0 5 2.5 "aperture DIS";
23 1;
17 1;
4 0.4 0 0 0 7.5 0 0 0 0 0 0 2.8 0.45 "DIS-0 R3";
17 0;
23 1;
17 1;
4 0.4 0 0 0 7.5 0 0 0 0 0 0 2.8 0.45 "DIS-1 R3";
17 0;
23 1;
17 1;
4 0.4 0 0 0 7.5 0 0 0 0 0 0 2.8 0.45 "DIS-2 R3";
17 0;
15 0 0 0 0 5 2.5;
23 1;
17 1;
4 0.2 0 0 0 7.5 1 0 0 1 0.2091296 0 2.8 0.45 "DIS-3 R3";
17 0;
7 0 -3.7 0 0 0 0 "Dis-3 R-3";
23 1;
17 1;
4 0.2 0 0 0 7.5 1 0 0 1 0.2091296 0 2.8 0.45 "DIS-3 R3";
17 0;
23 1;
17 1;
4 0.2 0 0 0 7.5 1 -0.2091296 0 1 0.41654032 0 2.8 0.45 "DIS-4 R3";
17 0;
7 0 -3.7 0 0 0 0 "Dis-4 R-3";
23 1;
17 1;
4 0.2 0 0 0 7.5 1 -0.2091296 0 1 0.41654032 0 2.8 0.45 "DIS-4 R3";
17 0;
20 -90.0000000000003 "C-Clockwise";
15 7 0 0 0 0 0 "aperture 140";
23 1;
3 0.15 "Drift D 005";
20 90.0000000000003 "Clockwise";
23 1;
17 1;
4 0.15 0 0 0 7.5 1 0.41654032 0 1 0 0 2.8 0.45 "DVT40 R3";
17 0;
7 0 7.398 0 0 0 0 "DVT 40 R-3";
23 1;
17 1;
4 0.15 0 0 0 7.5 1 0.41654032 0 1 0 0 2.8 0.45 "DVT40 R3";
17 0;
20 -90.0000000000003 "C-Clockwise";
23 1;
3 0.075 "Drift DS 001-a"; 
7 0 0 0 0 0 0 "steererDVT40";
23 13;
3 6.495 "Drift DS 001-b";
20 90.0000000000003 "Clockwise";
15 0 0 0 0 1.5 3.4 "aperture SMV";
23 2;
17 1;
4 0.96 0 0 0 7.5 0 0 0 0 0 0 2.8 0.45 "SMV1 R3";
17 0;
20 -90.0000000000003 "C-Clockwise";
15 3.3 0 0 0 0 0 "what is this";
23 4;
3 0.36 "Drift S 001";
20 90.0000000000003 "Clockwise";
15 0 0 0 0 1.5 3.4 "aperture SMV";
23 2;
17 1;
4 0.96 0 0 0 7.5 0 0 0 0 0 0 2.8 0.45 "SMV2-4 R3";
17 0;
20 -90.0000000000003 "C-Clockwise";
15 7 0 0 0 0 0 "aperture 140";
23 3;
3 1.545 "Drift S 002";
20 90.0000000000003 "Clockwise";
23 1;
17 1;
4 0.735 0 0 0 7.5 0 0 0 0 0 0 2.8 0.45 "BVT R3";
17 0;
20 -90.0000000000003 "C-Clockwise";
23 1;
3 0.3 "Drift S 003";
23 1;
5 0.466 -18.40279 100 0 0 0 0 "BI-QN50";
23 1;
3 0.284 "Drift S 004";
23 1;
5 0.466 20.15537 100 0 0 0 0 "BI-QN60";
23 1;
3 0.463 "Drift S 005-a";
7 0 0 0 0 0 0 "steererDVT50-uneffective";
23 1;
3 0.4 "Drift S 005-b";
3 0 "screen1";
23 5;
3 2.6 "Drift S 005-c";
23 4;
3 2 "Drift S 006-a";
3 0 "screen2";
23 5;
3 2.453 "Drift S 006-b";
7 0 0 0 0 0 0 "Final Shift";
38 'output.dst';
SENTINEL

